plane 0 -5 0 123 123 123 0 1 0
plane 0 6 0 123 123 123 0 -1 0
plane 0 0 50 60 62 237 0 0 1
cylindr -5 0 0 163 163 163 0 1 0 1
cylindr 5 0 0 163 163 163 0 1 0 1
cylindr -5 0 15 163 163 163 0 1 0 1
cylindr 5 0 15 163 163 163 0 1 0 1
spher -5 6 0 163 163 163 2
spher -5 -5 0 163 163 163 2
spher 5 6 0 163 163 163 2
spher 5 -5 0 163 163 163 2
spher 5 6 15 163 163 163 2
spher 5 -5 15 163 163 163 2
spher -5 6 15 163 163 163 2
spher -5 -5 15 163 163 163 2
spher 0 -3 0 255 0 0 1
cam 0 0 -15 0 0
light -15 3 -20 10
light 15 3 -20 10